
state={
	id=1
	name="STATE_1" # Corsica
	manpower = 322900
	
	state_category = town

	history={
		victory_points = { 3838 1 }
		buildings = {
			infrastructure = 4
			industrial_complex = 1
			air_base = 1
			3838 = {
				naval_base = 3
			}
		}
		add_core_of = FRA
	}

	provinces={
		83 185 282 308 325 426 496 515 567 619 648 667 676 680 690 693 775 817 1262 1347 1663 1740 1756 1763 1804 1972 1974 2102 3010 3074 3152 3165 3174 3282 3315 3361 3417 3443 3464 3506 3587 3617 3623 3652 3665 3669 3676 3681 3694 3706 3777 3779 3838 3854 3867 3883 4668 4742 4765 4865 4975 5044 5084 6201 6253 6307 6312 6357 6372 6381 6403 6417 6468 6490 6583 6679 6709 6726 6754 6765 6796 7088 7133 7718 7764 7766 7787 7818 8070 8078 8223 9079 9244 9259 9270 9280 9305 9307 9373 9381 9390 9402 9415 9581 9608 9609 9619 9621 9625 9644 9851 10582 10642 10645 10651 10662 10684 10867 10914 11012 11108 11127 11255 11263 11286 11291 11356 11387 11400 11403 11416 11426 11622 11628 11639 11804 12166 12552 12573 12684 12699 12719 12720 12791 12830 12929 12989 13018 
	}
}
